rz = [-1 0 0;
      0 -1 0;
      0 0 1]
rx = [1 0 0;
      0 0 1;
      0 -1 0]
R = rz*rx
p = [0 4 2]
%T = [R,p]

%% Ejercicio 2 B 
Rz = [-0.799 -0.6 0; 0.6 -0.799 0; 0 0 1]
Ry = [-1 0 0; 0 1 0; 0 0 -1]
%Rx = [1 0 0; 0 -1 0; 0 0 -1]
R = Ry*Rz

aTb = [-1 0 0 0; 0 0 -1 4; 0 -1 0 2; 0 0 0 1]
bTc = [-0.799 0 -0.6 3; 0.6 0 -0.799 0; 0 -1 0 0; 0 0 0 1]
aTc = aTb * bTc

%% Ejercicio 2 C
aRb = [-1 0 0; 0 0 -1; 0 -1 0]
bRa = inv(aRb)

%% Ejercicio 2 D
bTa = [-1 0 0 0; 0 0 -1 2; 0 -1 0 4; 0 0 0 1]
aTc = [0.799 0.6 0 -3; 0.6 -0.799 0 4; 0 0 -1 2; 0 0 0 1]

bTc = bTa*aTc

%% Ejercicio 2 E 
aRc = [0.799 0.6 0; 0.6 -0.799 0; 0 0 -1]
cRa = transpose(aRc)
aPc = [-3 4 2]
%cRa = [-0.799 0.6 0; 0.6 0.799 0; 0 0 1]
cPa = (aPc *(-cRa)) 
aTc = [0.799 0.6 0 -3; 0.6 -0.799 0 4; 0 0 -1 2; 0 0 0 1]
cTa = inv(aTc)




